(3000001, 300)
3000001
3000001
=============
[ 1.83295589e-02  9.02378261e-02  6.02760501e-02  3.04905158e-02
 -9.58776921e-02 -2.78468300e-02 -1.42759066e-02 -1.07862405e-01
  2.90805493e-02  3.40154320e-02 -5.49886748e-02  4.51189131e-02
  9.23527777e-02 -1.21962063e-01 -3.54253985e-02 -5.46361841e-02
 -3.34866927e-03  6.83833510e-02  7.01458082e-02 -2.12596450e-03
  9.09428075e-02 -1.32184317e-02 -3.19004804e-02 -2.00038925e-02
 -3.52491513e-02  5.01198869e-04 -5.71036264e-02 -3.08430078e-03
 -5.71036264e-02  4.49426658e-02 -7.38029077e-04 -5.21687418e-02
 -9.44677219e-02 -6.73258752e-02 -1.29540628e-02 -4.49426658e-02
 -7.40232170e-02  5.57377189e-03  9.72876549e-02  1.96514018e-02
  2.29119491e-02  1.33065544e-02  2.34406851e-02  5.63986413e-02
  4.89963219e-02  1.19847111e-01 -1.22490805e-02  7.29657412e-02
  1.12356665e-02  2.84196273e-03 -1.87701732e-02 -2.53793895e-02
  6.02760501e-02  6.48584366e-02 -5.81610985e-02  1.36061728e-01
 -1.13502264e-01  8.68010335e-03  9.02378261e-02 -1.60031140e-01
 -3.85978222e-02  5.60461506e-02 -2.37931777e-02 -5.21687418e-02
  2.32644398e-02 -4.00077850e-02  6.02760501e-02 -4.61763889e-02
  6.59159124e-02 -1.07950522e-02 -7.19082654e-02  1.66552234e-02
  1.78008210e-02  6.56515453e-03 -1.08391140e-02 -7.57856742e-02
 -2.60843709e-02  4.33564559e-02  8.53029490e-02 -7.04983016e-03
  6.87358454e-02 -1.21257082e-01 -2.53793895e-02  2.67893542e-02
  2.21188422e-02 -5.00537939e-02 -4.89963219e-02  1.07950522e-02
  5.07587790e-02  3.04905158e-02 -4.72338609e-02  5.60461506e-02
 -2.60843709e-02  1.32184317e-02 -1.95632782e-02 -1.08391140e-02
  6.96170749e-03 -9.56133194e-03  2.59081256e-02  8.60079303e-02
 -3.80690843e-02  2.21188422e-02 -1.39895070e-03  6.48584366e-02
  4.01840322e-02  6.97933212e-02 -5.11112697e-02 -5.14637604e-02
  5.46361841e-02  7.22607598e-02 -5.02300402e-03  4.33564559e-02
  6.43297005e-03  1.56858731e-02 -2.07969993e-02  2.73180921e-02
 -3.34866941e-02 -6.41534552e-02  1.11387320e-01  4.61763889e-02
 -7.19082654e-02 -4.14177515e-02 -3.17242369e-02  1.17027178e-01
 -2.48506516e-02 -4.42376845e-02  8.76822602e-03 -2.80230753e-02
 -1.02222539e-01 -2.80230753e-02 -5.14637604e-02 -1.31303091e-02
 -4.82913367e-02 -6.87358454e-02 -5.74561171e-02 -7.33182356e-02
 -8.91803503e-02 -7.61381686e-02  3.56897665e-03 -4.93488126e-02
  7.86056072e-02  2.11494905e-03  7.54331797e-02  7.71956444e-02
  1.02222539e-01 -1.14559745e-02 -1.24611252e-04  8.00155699e-02
 -7.40232170e-02  1.02663152e-02  3.75403464e-02 -6.69733882e-02
  7.75481313e-02 -3.59541327e-02 -4.12415080e-02 -9.30577591e-02
 -1.05747454e-01 -9.86976251e-02  4.40614372e-02  1.63908545e-02
  6.03641709e-03 -1.60383638e-02  8.67129117e-02  3.68353613e-02
  5.39312027e-02 -1.12092301e-01  4.19464894e-02  5.74561171e-02
  3.67913023e-03  1.19847111e-01 -1.47165209e-02  2.74943374e-02
  4.97013032e-02  4.51189131e-02  3.27817090e-02 -1.04337484e-01
  5.78086078e-02 -2.62165559e-03  4.51189131e-02  1.63027328e-02
 -1.73491921e-04 -1.46636471e-01  3.94349871e-03 -9.16477963e-02
  8.67129117e-02  3.41916755e-02  8.35404918e-02 -5.81610985e-02
 -5.85135892e-02  5.32262176e-02 -1.12356665e-02 -4.38851938e-02
  1.26896948e-02 -9.65826735e-02 -5.64537186e-04  3.64828706e-02
  1.09977350e-01 -7.57856742e-02 -2.71418467e-02 -1.84705555e-01
 -3.28257727e-03 -9.72876549e-02 -1.48927663e-02 -6.74140034e-03
 -1.00107588e-01 -2.43219137e-02 -5.21687418e-02 -1.45931482e-01
 -4.54714037e-02 -3.82453278e-02 -7.82531127e-02 -3.59100732e-03
 -1.16322199e-02  1.18437149e-01 -4.75863554e-02 -4.75863554e-02
  2.55556349e-02  4.75863554e-02 -3.50729041e-02  3.47204134e-02
 -5.28737269e-02 -3.11954990e-02 -2.90805497e-03 -1.21609569e-02
 -3.91265564e-02  8.94447230e-03 -3.71878557e-02 -1.48046436e-02
  9.02378261e-02 -1.02927521e-01 -5.88660836e-02  8.50385800e-03
  8.60079303e-02 -1.65671017e-02  8.81228745e-02  9.16477963e-02
 -9.09428075e-02  3.50288441e-03 -3.77165899e-02 -2.53793895e-02
  2.83755660e-02 -1.01341307e-02 -3.71878557e-02 -1.73602067e-02
 -6.80308640e-02 -6.30959794e-02 -3.68353613e-02 -3.03142704e-02
  5.18162511e-02 -8.95328447e-02 -6.87358454e-02  4.00959095e-03
  5.25212362e-02 -3.41916755e-02 -1.19847115e-02  2.00479547e-03
  6.30959794e-02 -3.66591178e-02  4.15939987e-02  3.43679227e-02
  4.82913367e-02 -2.89043039e-02  1.70958377e-02  2.90805493e-02
  9.34102479e-03 -4.05365229e-02 -8.38929787e-02 -6.62684068e-02
  7.96630830e-02 -4.97013032e-02 -3.08430064e-02  6.66208938e-02
 -1.08088214e-04 -2.03563850e-02  7.82531127e-02  6.48584366e-02
 -1.09977350e-01  7.54331797e-02  1.55977495e-02  9.95788537e-03
 -1.48927663e-02 -3.57778892e-02  4.54714037e-02 -3.73640992e-02
  3.91265564e-02  4.08890136e-02 -2.74282461e-03 -1.79770663e-02
 -4.97013032e-02  2.29119491e-02  2.90805493e-02  3.59541327e-02
  1.94751564e-02  1.54215032e-02 -5.00537939e-02 -8.74178931e-02
 -1.05042472e-01  4.82913367e-02  2.10393360e-03  8.63604248e-03]
Japan
923
