(tensor([[  101,  4895, 26210, 18098,  9355,  2135,   102,     0,     0,     0,
             0,     0,     0,     0,     0,     0,     0,     0,     0,     0,
             0,     0,     0,     0,     0,     0,     0,     0,     0,     0,
             0,     0,     0,     0],
        [  101,  1010, 15453, 25643,  2210,  2466,   102,     0,     0,     0,
             0,     0,     0,     0,     0,     0,     0,     0,     0,     0,
             0,     0,     0,     0,     0,     0,     0,     0,     0,     0,
             0,     0,     0,     0],
        [  101,  6472,  2007,  2107,  7132,  2021, 29204, 23997,  1010,  2007,
          2107,  2204,  8562,  1998, 12284,  1997,  1996,  3679, 23088,  2008,
          2069,  1996,  2087,  2524, 27693,  8040,  3217, 23884,  2071,  8246,
          2000,  6869,  1012,   102],
        [  101,  3138,  1037,  4438,  2466,  1010, 23942,  8702,  1998, 10904,
          5889,  1998,  3594,  1037, 12047,  5957,  2000,  3443,  1037,  3444,
          2143,  2008,  2003, 10433,  2135,  4569,  2000,  3422,   102,     0,
             0,     0,     0,     0],
        [  101,  2081,  2033,  2215,  2000,  6978,   102,     0,     0,     0,
             0,     0,     0,     0,     0,     0,     0,     0,     0,     0,
             0,     0,     0,     0,     0,     0,     0,     0,     0,     0,
             0,     0,     0,     0],
        [  101,  7644,  1037,  3622,  2718,  1012,   102,     0,     0,     0,
             0,     0,     0,     0,     0,     0,     0,     0,     0,     0,
             0,     0,     0,     0,     0,     0,     0,     0,     0,     0,
             0,     0,     0,     0],
        [  101,  2074,  2054,  1006,  2019, 20483,  2078,  1007,  2038,  2467,
          2734,  2000,  4982,  2046,  1037,  3185,  2476,   102,     0,     0,
             0,     0,     0,     0,     0,     0,     0,     0,     0,     0,
             0,     0,     0,     0],
        [  101, 26502, 14610,   102,     0,     0,     0,     0,     0,     0,
             0,     0,     0,     0,     0,     0,     0,     0,     0,     0,
             0,     0,     0,     0,     0,     0,     0,     0,     0,     0,
             0,     0,     0,     0]]), tensor([0., 1., 1., 1., 0., 1., 1., 1.]))
